Wip1 1916 1916 5 23254510 23254510
Wip1 2091 2091 5 23254329 23254329
Wip1 2129 2129 5 23254472 23254472
Wip1 2147 2147 5 23254366 23254366
Wip1 2151 2151 5 23254399 23254399
Wip1 2171 2171 5 23254485 23254485
Wip1 2178 2178 5 23254322 23254322
Wip1 2206 2206 5 23254494 23254494
Wip1 2221 2221 5 23254376 23254376
Wip1 2253 2253 5 23254491 23254491
Wip1 2253 2253 5 23254491 23254491
Wip1 2268 2268 5 23254217 23254217
Wip1 2295 2295 5 23254373 23254373
Wip1 2303 2303 5 23254198 23254198
Wip1 2323 2323 5 23254480 23254480
Wip1 2339 2339 5 23254327 23254327
Wip1 2379 2379 5 23254469 23254469
Wip1 2390 2390 5 23254450 23254450
Wip1 2393 2393 5 23254448 23254448
Wip1 2414 2414 5 23254244 23254244
Wip1 2431 2431 5 23254429 23254429
Wip1 2435 2435 5 23254153 23254153
Wip1 2441 2441 5 23254059 23254059
Wip1 2469 2469 5 23254181 23254181
Wip1 2473 2473 5 23254075 23254075
Wip1 2493 2493 5 23254501 23254501
Wip1 2497 2497 5 23254198 23254198
Wip1 2516 2516 5 23254233 23254233
Wip1 2518 2518 5 23254165 23254165
Wip1 5773 5773 5 23254827 23254827
Wip1 5812 5812 5 23254776 23254776
Wip1 5907 5907 5 23254659 23254659
Wip1 5936 5936 5 23254733 23254733
Wip1 5961 5961 5 23254925 23254925
Wip1 6016 6016 5 23254657 23254657
Wip1 6029 6029 5 23254723 23254723
Wip1 6030 6030 5 23254723 23254723
Wip1 6111 6111 5 23254659 23254659
Wip1 6227 6227 2 143086614 143086614
Wip1 6227 6227 5 23254713 23254713
